5	
8	10	15	18	21	27	28	31	33	37	38	41	42	43	47	49	53	58	59	65	66	66	66	73	79	81	88	90	96	103	109	110	121	127	127	130	136	137	139	139	139	146	150	154	154	158	160	161	163	170	
175	177	177	178	179	180	192	192	193	196	198	199	199	204	208	210	212	216	217	219	221	224	225	226	226	229	229	233	234	238	239	241	242	247	252	256	258	258	259	261	267	271	275	280	282	289	291	296	298	299	
308	315	320	330	330	334	338	340	342	345	352	354	356	360	364	367	370	378	380	381	383	385	385	385	391	393	395	401	410	411	420	443	446	451	452	455	461	464	467	473	475	480	484	485	494	497	502	504	505	507	
508	511	511	513	516	518	520	523	524	532	543	543	549	552	556	559	560	565	567	571	572	575	576	587	593	599	600	601	602	604	608	608	613	614	614	627	631	634	635	638	638	638	639	639	642	644	651	652	657	659	
663	663	663	670	677	679	683	692	693	695	696	702	703	706	709	714	714	717	717	717	721	722	724	727	729	731	732	736	738	740	740	747	750	758	767	772	772	774	775	775	780	783	786	789	792	792	799	804	805	808	
808	810	811	815	833	834	834	835	843	847	848	848	849	861	862	876	878	879	881	881	885	887	888	894	894	900	903	908	909	915	917	919	920	922	926	927	932	934	940	940	942	946	950	952	957	959	965	966	974	978	
979	982	987	989	992	998	1002	1011	1013	1016	1019	1021	1024	1035	1038	1043	1044	1048	1049	1053	1054	1054	1055	1056	1057	1063	1071	1072	1073	1073	1077	1087	1096	1103	1103	1107	1109	1110	1112	1113	1119	1124	1124	1128	1128	1132	1137	1137	1145	1150	
1155	1156	1160	1162	1163	1167	1176	1176	1177	1177	1179	1179	1180	1180	1186	1188	1188	1190	1202	1205	1211	1216	1219	1222	1222	1222	1226	1226	1226	1227	1228	1231	1231	1233	1235	1236	1238	1242	1243	1247	1253	1262	1272	1277	1282	1283	1284	1284	1284	1290	
1298	1298	1299	1299	1305	1305	1306	1308	1309	1310	1314	1317	1320	1325	1325	1335	1336	1340	1341	1342	1349	1356	1359	1360	1362	1363	1364	1365	1367	1376	1377	1383	1383	1390	1392	1392	1394	1396	1406	1407	1408	1412	1418	1425	1429	1429	1433	1445	1452	1456	
1457	1460	1465	1466	1468	1468	1475	1477	1477	1480	1487	1489	1499	1502	1506	1511	1512	1516	1518	1523	1529	1536	1537	1539	1540	1542	1542	1545	1552	1553	1556	1561	1574	1574	1575	1582	1583	1585	1586	1589	1591	1592	1592	1592	1594	1596	1600	1604	1605	1605	
1614	1614	1615	1616	1621	1623	1624	1627	1634	1640	1640	1646	1652	1656	1658	1659	1660	1664	1664	1665	1669	1678	1679	1680	1680	1696	1696	1697	1700	1702	1703	1705	1706	1707	1709	1715	1716	1716	1718	1722	1722	1725	1735	1738	1739	1740	1740	1753	1755	1766	
1766	1767	1769	1769	1771	1796	1800	1810	1825	1829	1830	1838	1840	1843	1852	1859	1862	1864	1874	1878	1884	1886	1888	1889	1890	1896	1906	1913	1917	1925	1928	1935	1938	1938	1949	1966	1966	1967	1968	1970	1971	1971	1974	1977	1980	1983	1988	1996	1999	2001	
2001	2006	2006	2010	2011	2011	2021	2022	2029	2032	2032	2035	2038	2046	2048	2049	2052	2054	2056	2056	2057	2065	2066	2068	2071	2071	2073	2076	2077	2077	2079	2080	2084	2085	2106	2108	2110	2112	2112	2120	2121	2121	2122	2127	2128	2133	2134	2139	2141	2143	
2150	2156	2157	2160	2160	2161	2165	2169	2173	2176	2176	2177	2180	2183	2184	2188	2189	2193	2205	2215	2217	2219	2220	2230	2233	2236	2239	2243	2247	2258	2258	2266	2269	2270	2276	2278	2281	2283	2283	2284	2304	2306	2306	2312	2315	2326	2331	2335	2336	2338	
2340	2343	2343	2348	2350	2357	2358	2362	2365	2372	2373	2373	2375	2375	2379	2386	2388	2391	2391	2392	2399	2400	2402	2404	2414	2424	2428	2436	2437	2439	2439	2442	2446	2447	2447	2449	2464	2467	2468	2471	2473	2491	2492	2494	2496	2498	2498	2500	2502	2504	
2509	2510	2513	2515	2515	2519	2524	2526	2529	2533	2536	2536	2539	2539	2543	2544	2545	2545	2548	2555	2560	2565	2565	2565	2567	2573	2580	2580	2598	2599	2601	2604	2615	2616	2622	2625	2625	2632	2638	2640	2641	2643	2645	2655	2660	2660	2664	2665	2686	2686	
2695	2698	2701	2703	2706	2716	2717	2718	2719	2721	2726	2733	2733	2738	2740	2743	2754	2755	2756	2757	2758	2760	2761	2767	2768	2768	2771	2771	2774	2776	2783	2788	2788	2795	2799	2801	2802	2804	2804	2805	2809	2809	2811	2813	2814	2817	2819	2822	2823	2830	
2831	2832	2833	2842	2845	2847	2850	2850	2855	2855	2856	2856	2861	2862	2872	2875	2878	2884	2885	2889	2891	2891	2894	2896	2897	2900	2902	2905	2905	2906	2907	2910	2912	2917	2931	2934	2943	2944	2946	2948	2950	2951	2954	2956	2957	2966	2969	2974	2976	2980	
2981	2983	2987	3000	3003	3010	3012	3015	3019	3019	3023	3031	3032	3033	3036	3037	3044	3046	3047	3051	3052	3053	3059	3059	3070	3070	3074	3076	3081	3082	3084	3085	3091	3093	3093	3094	3094	3095	3095	3095	3098	3101	3107	3107	3110	3114	3120	3125	3126	3141	
3142	3157	3162	3171	3173	3174	3175	3179	3184	3184	3192	3196	3198	3206	3206	3210	3213	3217	3219	3221	3222	3222	3226	3232	3234	3235	3235	3236	3242	3258	3267	3268	3269	3270	3284	3286	3287	3293	3298	3299	3299	3303	3309	3311	3312	3316	3319	3320	3323	3323	
3325	3328	3328	3336	3337	3342	3346	3351	3352	3354	3360	3365	3368	3368	3381	3382	3385	3390	3396	3396	3400	3400	3404	3407	3411	3415	3419	3422	3423	3424	3426	3432	3432	3439	3441	3443	3448	3451	3456	3459	3460	3460	3464	3465	3470	3473	3473	3475	3478	3480	
3482	3484	3487	3488	3493	3500	3500	3504	3505	3510	3512	3516	3525	3528	3529	3531	3536	3538	3541	3542	3550	3555	3555	3556	3560	3564	3567	3568	3571	3580	3581	3582	3583	3584	3589	3590	3591	3592	3593	3596	3597	3597	3604	3607	3622	3623	3623	3629	3632	3635	
3640	3644	3649	3654	3654	3657	3657	3658	3659	3660	3662	3664	3665	3665	3666	3667	3668	3669	3669	3673	3680	3682	3684	3686	3689	3692	3694	3696	3698	3699	3705	3705	3707	3718	3721	3729	3730	3732	3733	3735	3738	3739	3740	3740	3740	3747	3748	3748	3749	3750	
3752	3754	3757	3762	3763	3784	3785	3787	3789	3791	3792	3795	3797	3803	3804	3807	3810	3814	3814	3815	3823	3826	3830	3832	3846	3847	3848	3850	3851	3851	3851	3853	3853	3854	3865	3866	3867	3869	3871	3874	3877	3880	3882	3884	3885	3886	3892	3893	3895	3896	
3900	3902	3907	3912	3915	3915	3918	3918	3922	3922	3928	3933	3940	3948	3949	3955	3957	3957	3957	3959	3964	3966	3974	3976	3977	3979	3979	3980	3989	3989	4000	4000	4001	4006	4010	4021	4021	4027	4028	4032	4035	4041	4048	4057	4057	4059	4061	4062	4063	4063	
4080	4081	4085	4088	4094	4097	4097	4110	4112	4121	4122	4124	4125	4125	4133	4135	4140	4143	4147	4148	4151	4152	4157	4164	4165	4166	4170	4171	4174	4175	4180	4182	4187	4193	4199	4202	4208	4212	4215	4223	4231	4232	4234	4242	4250	4250	4250	4254	4255	4258	
4259	4261	4261	4262	4268	4271	4277	4282	4283	4284	4285	4290	4291	4292	4299	4301	4302	4303	4304	4307	4308	4309	4312	4314	4316	4316	4317	4320	4323	4327	4329	4333	4334	4339	4340	4340	4343	4344	4348	4349	4350	4359	4362	4363	4369	4370	4372	4373	4374	4375	
4386	4395	4395	4397	4406	4415	4416	4417	4420	4431	4438	4439	4442	4443	4443	4445	4447	4450	4455	4460	4469	4470	4473	4478	4485	4491	4495	4501	4503	4504	4504	4506	4508	4511	4512	4515	4516	4518	4518	4525	4535	4545	4545	4552	4555	4556	4561	4580	4588	4588	
4588	4589	4591	4594	4596	4597	4598	4608	4609	4613	4614	4618	4623	4627	4631	4632	4632	4635	4638	4641	4642	4653	4655	4655	4655	4657	4659	4661	4664	4666	4667	4675	4677	4680	4681	4683	4690	4695	4701	4702	4706	4710	4711	4718	4719	4724	4727	4728	4730	4731	
4735	4735	4737	4744	4752	4757	4759	4759	4764	4765	4766	4769	4770	4771	4773	4784	4785	4789	4789	4794	4798	4804	4805	4807	4807	4815	4819	4820	4822	4824	4824	4824	4825	4832	4838	4838	4843	4845	4845	4845	4850	4851	4851	4854	4856	4860	4860	4862	4863	4865	
4869	4870	4873	4873	4875	4876	4876	4880	4881	4881	4892	4897	4898	4901	4904	4904	4904	4907	4911	4912	4920	4923	4924	4926	4927	4928	4929	4930	4934	4934	4942	4945	4951	4952	4955	4957	4959	4962	4963	4971	4975	4979	4980	5003	5008	5012	5020	5021	5023	5025	
5030	5035	5043	5044	5047	5049	5051	5052	5052	5053	5053	5055	5061	5063	5064	5068	5068	5071	5075	5076	5079	5079	5088	5089	5090	5093	5100	5100	5107	5107	5117	5117	5120	5121	5121	5123	5131	5133	5135	5136	5137	5142	5158	5166	5170	5171	5174	5186	5193	5193	
5197	5206	5209	5211	5217	5217	5222	5222	5223	5224	5232	5247	5249	5251	5253	5256	5256	5264	5266	5272	5274	5274	5275	5278	5287	5288	5289	5291	5292	5293	5293	5296	5301	5309	5317	5317	5317	5321	5323	5324	5326	5327	5336	5347	5347	5348	5353	5355	5355	5358	
5365	5375	5375	5375	5377	5379	5381	5383	5386	5398	5399	5399	5400	5401	5401	5403	5408	5410	5410	5411	5411	5418	5421	5422	5425	5427	5428	5431	5434	5439	5442	5443	5446	5452	5460	5461	5466	5466	5467	5468	5469	5475	5480	5484	5487	5489	5491	5493	5493	5507	
5511	5514	5514	5514	5523	5524	5531	5534	5535	5535	5536	5537	5542	5545	5549	5551	5555	5556	5561	5569	5570	5576	5582	5585	5587	5590	5591	5592	5601	5603	5604	5608	5612	5615	5627	5629	5636	5642	5643	5648	5651	5654	5656	5660	5663	5665	5671	5672	5680	5683	
5683	5684	5688	5689	5691	5696	5701	5704	5704	5707	5708	5713	5714	5717	5718	5718	5730	5739	5741	5742	5743	5745	5755	5757	5761	5764	5768	5770	5777	5777	5778	5784	5784	5785	5789	5791	5796	5800	5804	5807	5809	5811	5823	5824	5827	5829	5843	5843	5843	5845	
5847	5852	5854	5855	5862	5873	5875	5880	5888	5890	5893	5894	5902	5906	5911	5915	5916	5923	5934	5934	5938	5943	5946	5947	5950	5951	5952	5962	5965	5980	5985	5997	5997	5999	6002	6004	6004	6012	6013	6021	6023	6023	6026	6028	6028	6032	6032	6045	6045	6048	
6048	6050	6051	6059	6061	6065	6072	6086	6091	6106	6109	6109	6111	6113	6120	6120	6125	6125	6133	6134	6135	6137	6140	6140	6143	6148	6150	6151	6154	6156	6156	6156	6157	6160	6168	6173	6174	6175	6176	6177	6184	6196	6197	6197	6200	6205	6206	6218	6219	6219	
6222	6225	6226	6228	6229	6230	6232	6233	6233	6233	6237	6246	6249	6260	6263	6264	6266	6266	6269	6274	6278	6282	6293	6301	6304	6305	6307	6307	6308	6314	6315	6317	6319	6323	6326	6328	6330	6331	6331	6331	6333	6334	6334	6338	6339	6342	6344	6345	6349	6349	
6353	6353	6354	6356	6357	6361	6362	6365	6368	6369	6380	6382	6382	6382	6388	6389	6396	6397	6406	6413	6413	6414	6416	6417	6418	6421	6429	6434	6435	6435	6437	6445	6446	6450	6454	6457	6459	6462	6464	6474	6484	6488	6492	6494	6500	6502	6504	6504	6507	6509	
6517	6518	6519	6524	6530	6532	6534	6535	6541	6546	6550	6555	6556	6557	6558	6561	6562	6573	6580	6583	6583	6586	6588	6588	6589	6591	6595	6596	6600	6604	6606	6610	6616	6617	6619	6620	6624	6625	6628	6628	6629	6630	6634	6641	6643	6644	6644	6648	6655	6657	
6657	6658	6658	6661	6664	6666	6667	6669	6671	6672	6672	6674	6681	6683	6684	6684	6686	6686	6687	6690	6696	6697	6698	6700	6710	6713	6716	6718	6718	6723	6727	6735	6741	6741	6745	6752	6756	6757	6764	6770	6771	6771	6775	6784	6792	6794	6795	6795	6798	6799	
6802	6803	6804	6809	6810	6811	6815	6822	6823	6824	6824	6834	6834	6835	6842	6850	6850	6857	6860	6863	6871	6880	6881	6881	6891	6892	6893	6896	6897	6897	6900	6906	6906	6907	6917	6918	6918	6919	6921	6922	6927	6929	6930	6936	6941	6943	6946	6946	6949	6951	
6959	6962	6964	6965	6968	6975	6980	6981	6983	6985	6986	6990	6992	6993	6993	6996	7000	7004	7005	7013	7017	7020	7033	7038	7038	7038	7039	7039	7039	7040	7048	7056	7058	7066	7072	7072	7075	7075	7075	7079	7082	7089	7093	7099	7099	7102	7102	7105	7106	7109	
7111	7111	7113	7116	7118	7120	7121	7121	7122	7124	7124	7128	7129	7130	7133	7134	7136	7145	7145	7151	7151	7152	7158	7161	7162	7166	7168	7169	7174	7178	7182	7184	7186	7186	7187	7195	7218	7219	7222	7223	7225	7228	7230	7233	7234	7238	7239	7239	7241	7241	
7244	7245	7246	7246	7246	7255	7257	7266	7276	7278	7280	7282	7287	7292	7299	7302	7304	7304	7306	7307	7307	7313	7313	7319	7321	7321	7322	7327	7335	7338	7338	7344	7353	7353	7354	7355	7357	7357	7366	7366	7368	7370	7376	7377	7378	7380	7384	7388	7389	7393	
7393	7395	7399	7402	7405	7409	7415	7417	7423	7425	7428	7428	7429	7436	7437	7439	7443	7444	7446	7447	7448	7450	7454	7454	7455	7456	7459	7462	7466	7467	7467	7471	7472	7474	7476	7476	7479	7481	7484	7492	7497	7498	7498	7499	7500	7501	7501	7508	7512	7513	
7520	7523	7523	7524	7529	7535	7536	7542	7545	7546	7550	7555	7556	7556	7558	7560	7562	7563	7564	7565	7569	7576	7577	7580	7583	7590	7593	7594	7595	7598	7606	7613	7615	7616	7616	7618	7634	7638	7642	7644	7660	7666	7673	7673	7676	7679	7687	7692	7693	7693	
7694	7701	7703	7706	7710	7710	7724	7728	7733	7746	7746	7746	7751	7757	7761	7762	7763	7765	7770	7771	7780	7780	7781	7784	7785	7787	7787	7793	7799	7800	7802	7804	7806	7807	7812	7816	7825	7828	7832	7834	7838	7839	7841	7846	7852	7853	7856	7858	7858	7860	
7863	7866	7871	7871	7874	7874	7878	7880	7882	7889	7889	7889	7889	7892	7895	7896	7904	7912	7917	7921	7925	7927	7936	7937	7940	7942	7942	7943	7950	7950	7951	7955	7958	7961	7963	7968	7973	7977	7981	7985	7990	7993	7998	7998	8000	8005	8006	8014	8019	8025	
8026	8029	8030	8031	8036	8039	8046	8047	8047	8047	8053	8056	8059	8059	8060	8064	8066	8067	8068	8068	8084	8086	8086	8087	8092	8098	8098	8101	8114	8117	8117	8126	8128	8134	8140	8141	8142	8144	8148	8150	8152	8156	8156	8157	8159	8159	8167	8174	8174	8176	
8179	8179	8182	8183	8184	8186	8187	8193	8193	8199	8201	8202	8215	8215	8215	8217	8226	8226	8237	8240	8242	8248	8250	8252	8256	8259	8266	8270	8271	8272	8273	8274	8275	8279	8291	8295	8299	8301	8304	8305	8306	8308	8311	8314	8315	8327	8334	8347	8348	8350	
8350	8351	8357	8359	8360	8366	8366	8368	8369	8371	8388	8390	8390	8394	8397	8399	8400	8403	8404	8410	8415	8416	8424	8425	8430	8433	8433	8434	8452	8455	8457	8461	8467	8471	8473	8473	8476	8476	8478	8478	8481	8484	8484	8485	8485	8486	8487	8492	8495	8497	
8498	8501	8504	8506	8509	8513	8517	8519	8523	8524	8525	8527	8527	8530	8536	8542	8542	8549	8550	8557	8559	8561	8562	8569	8574	8575	8576	8578	8581	8583	8587	8589	8593	8594	8597	8597	8610	8612	8614	8616	8619	8619	8623	8628	8630	8638	8646	8652	8657	8657	
8659	8659	8662	8667	8667	8674	8675	8677	8677	8681	8683	8685	8686	8690	8696	8710	8711	8713	8720	8722	8726	8729	8731	8736	8736	8736	8737	8740	8743	8745	8751	8753	8755	8757	8759	8760	8763	8764	8768	8776	8778	8780	8781	8783	8784	8785	8785	8790	8790	8791	
8792	8793	8794	8795	8795	8803	8806	8809	8814	8816	8817	8826	8829	8835	8838	8839	8842	8842	8844	8846	8847	8848	8850	8856	8857	8857	8861	8868	8871	8873	8877	8893	8893	8896	8899	8903	8909	8910	8915	8916	8922	8925	8925	8927	8931	8932	8932	8933	8937	8938	
8942	8947	8953	8954	8957	8957	8958	8970	8971	8971	8974	8975	8982	8982	8986	8986	8990	8993	8996	8996	9005	9007	9008	9011	9021	9035	9036	9038	9042	9045	9047	9051	9052	9061	9061	9062	9064	9077	9077	9084	9084	9085	9087	9090	9092	9096	9099	9100	9104	9110	
9111	9127	9129	9132	9141	9145	9156	9158	9159	9163	9168	9169	9174	9174	9177	9183	9187	9187	9188	9190	9191	9198	9199	9214	9214	9214	9223	9228	9229	9236	9241	9243	9244	9244	9246	9249	9250	9251	9251	9256	9263	9264	9265	9266	9267	9269	9269	9269	9276	9277	
9282	9284	9294	9295	9297	9298	9298	9303	9304	9308	9310	9312	9314	9320	9325	9327	9328	9332	9334	9335	9341	9342	9355	9358	9362	9372	9372	9374	9375	9383	9386	9387	9388	9390	9392	9400	9402	9415	9420	9425	9431	9436	9437	9442	9444	9451	9452	9463	9464	9466	
9469	9470	9473	9474	9476	9478	9479	9481	9487	9491	9499	9500	9504	9511	9522	9530	9530	9531	9535	9539	9541	9546	9546	9549	9550	9554	9555	9557	9559	9561	9563	9563	9563	9571	9572	9577	9577	9579	9579	9580	9585	9591	9592	9599	9605	9611	9618	9619	9633	9633	
9643	9649	9655	9657	9658	9659	9666	9671	9673	9673	9674	9678	9686	9686	9695	9697	9699	9706	9709	9711	9727	9728	9729	9731	9732	9732	9734	9737	9742	9746	9747	9749	9749	9752	9758	9760	9761	9762	9762	9763	9773	9778	9787	9791	9798	9799	9801	9802	9811	9819	
9824	9826	9826	9837	9839	9839	9840	9841	9844	9845	9852	9857	9858	9860	9864	9866	9867	9872	9875	9886	9902	9904	9905	9907	9908	9910	9910	9912	9916	9931	9938	9943	9947	9950	9950	9954	9954	9957	9962	9963	9970	9971	9974	9975	9982	9983	9985	9988	9993	9993	
9994	10001	10003	10005	10010	10012	10013	10015	10021	10023	10028	10029	10029	10031	10032	10034	10035	10036	10037	10043	10044	10044	10045	10050	10051	10062	10065	10066	10066	10068	10069	10072	10080	10081	10087	10093	10097	10098	10100	10101	10101	10104	10108	10117	10120	10123	10124	10130	10132	10135	
10135	10135	10142	10148	10149	10160	10161	10163	10165	10168	10170	10172	10175	10178	10178	10180	10181	10181	10186	10191	10191	10193	10195	10198	10198	10205	10207	10208	10209	10220	10222	10223	10234	10236	10237	10241	10247	10248	10248	10259	10261	10263	10265	10270	10272	10273	10276	10278	10279	10281	
10284	10287	10288	10290	10297	10298	10298	10298	10299	10310	10316	10324	10332	10333	10337	10350	10350	10357	10363	10372	10385	10389	10389	10390	10396	10398	10403	10407	10415	10416	10419	10420	10422	10424	10425	10427	10429	10429	10430	10431	10432	10433	10435	10437	10440	10440	10440	10441	10444	10444	
10444	10446	10449	10449	10452	10455	10455	10455	10461	10461	10465	10465	10472	10473	10481	10482	10483	10496	10497	10500	10503	10507	10511	10511	10511	10512	10522	10526	10532	10535	10535	10538	10557	10561	10565	10568	10569	10573	10573	10574	10576	10579	10579	10583	10583	10587	10589	10590	10592	10592	
10600	10603	10607	10616	10617	10626	10631	10634	10637	10639	10642	10645	10652	10656	10660	10663	10677	10685	10686	10689	10693	10698	10698	10701	10702	10705	10708	10709	10713	10731	10732	10734	10748	10750	10750	10756	10759	10759	10765	10768	10771	10771	10785	10786	10787	10794	10800	10802	10803	10809	
10815	10816	10817	10819	10820	10821	10823	10826	10827	10829	10831	10839	10841	10842	10845	10850	10850	10856	10861	10864	10864	10877	10880	10890	10893	10894	10896	10898	10898	10902	10906	10906	10906	10909	10911	10912	10912	10914	10916	10918	10919	10926	10931	10934	10935	10935	10937	10938	10946	10951	
10955	10956	10962	10964	10965	10972	10976	10978	10978	10980	10984	10986	10986	10990	10993	10999	11008	11012	11017	11020	11021	11026	11029	11031	11035	11040	11041	11048	11057	11058	11059	11062	11063	11065	11068	11069	11071	11071	11072	11072	11079	11079	11081	11082	11086	11087	11092	11092	11095	11095	
11096	11097	11103	11111	11113	11115	11120	11132	11133	11136	11137	11141	11148	11150	11153	11155	11156	11161	11165	11166	11172	11176	11179	11181	11183	11189	11190	11190	11192	11193	11194	11196	11199	11204	11207	11210	11213	11214	11224	11226	11228	11229	11230	11231	11234	11236	11241	11244	11249	11255	
11280	11281	11281	11282	11284	11285	11287	11295	11297	11298	11305	11306	11310	11315	11315	11315	11320	11323	11329	11330	11333	11341	11358	11360	11363	11364	11367	11371	11384	11393	11396	11397	11399	11399	11401	11402	11406	11407	11409	11415	11418	11420	11421	11421	11422	11429	11430	11439	11443	11445	
11447	11449	11450	11458	11459	11461	11464	11469	11471	11477	11480	11484	11485	11490	11493	11495	11498	11505	11506	11506	11508	11509	11509	11514	11523	11524	11529	11534	11536	11547	11547	11556	11561	11562	11563	11568	11572	11575	11580	11584	11589	11590	11593	11598	11600	11601	11602	11606	11614	11617	
11618	11628	11629	11629	11630	11633	11635	11637	11641	11642	11647	11648	11650	11655	11657	11657	11658	11662	11665	11667	11668	11671	11680	11680	11682	11687	11689	11695	11695	11699	11706	11707	11707	11709	11712	11714	11716	11722	11725	11726	11727	11728	11730	11733	11735	11740	11743	11745	11750	11752	
11755	11757	11758	11761	11770	11776	11777	11779	11781	11781	11786	11787	11791	11793	11795	11796	11797	11798	11803	11804	11806	11811	11817	11821	11824	11828	11833	11850	11853	11853	11854	11860	11873	11873	11873	11877	11895	11902	11903	11906	11907	11912	11913	11918	11921	11930	11930	11934	11946	11953	
11953	11957	11962	11967	11976	11982	11983	11985	11991	11992	11996	11997	11998	12004	12008	12015	12020	12025	12028	12028	12030	12041	12042	12046	12051	12057	12058	12059	12074	12077	12094	12098	12098	12099	12099	12102	12103	12104	12106	12108	12110	12111	12111	12116	12119	12120	12121	12124	12127	12128	
12152	12153	12153	12159	12160	12170	12174	12174	12183	12184	12190	12193	12193	12198	12198	12199	12203	12205	12206	12207	12211	12212	12221	12223	12228	12237	12239	12239	12240	12245	12245	12247	12247	12248	12252	12254	12265	12265	12265	12267	12275	12275	12278	12282	12293	12296	12296	12297	12301	12303	
12305	12308	12316	12319	12321	12326	12329	12331	12333	12334	12338	12341	12343	12344	12348	12360	12361	12362	12366	12369	12377	12378	12383	12384	12385	12385	12389	12395	12399	12404	12405	12408	12409	12411	12412	12417	12418	12424	12426	12430	12431	12440	12441	12441	12443	12443	12444	12447	12447	12449	
12449	12453	12453	12462	12464	12468	12477	12483	12490	12496	12501	12502	12510	12514	12525	12526	12532	12535	12538	12539	12543	12547	12550	12550	12551	12551	12554	12555	12556	12557	12559	12560	12578	12582	12583	12583	12588	12588	12588	12591	12595	12595	12596	12597	12597	12601	12601	12601	12606	12610	
12615	12620	12626	12629	12631	12632	12642	12648	12652	12653	12654	12657	12659	12660	12668	12668	12673	12674	12676	12677	12690	12696	12698	12698	12701	12703	12706	12709	12710	12711	12715	12715	12722	12723	12727	12744	12748	12749	12753	12753	12758	12762	12762	12765	12770	12774	12774	12789	12789	12797	
12813	12815	12816	12817	12828	12829	12830	12832	12844	12847	12851	12851	12851	12854	12855	12857	12857	12860	12868	12869	12869	12872	12872	12876	12877	12877	12885	12892	12892	12893	12895	12896	12905	12908	12914	12919	12923	12928	12930	12935	12937	12939	12943	12949	12949	12957	12960	12965	12966	12970	
12971	12971	12977	12985	12986	12994	13005	13007	13008	13015	13015	13017	13020	13021	13022	13022	13023	13025	13031	13031	13031	13032	13041	13042	13047	13055	13062	13069	13076	13081	13088	13094	13100	13102	13107	13108	13110	13110	13114	13115	13117	13119	13122	13123	13125	13128	13136	13137	13138	13139	
13141	13143	13143	13147	13154	13159	13162	13162	13166	13171	13177	13178	13179	13181	13182	13183	13184	13190	13191	13193	13198	13200	13207	13207	13216	13217	13219	13223	13232	13233	13242	13249	13252	13269	13278	13283	13287	13292	13297	13303	13313	13331	13334	13344	13348	13351	13353	13357	13360	13362	
13364	13366	13370	13375	13376	13377	13382	13383	13383	13388	13389	13399	13400	13412	13418	13421	13426	13426	13429	13430	13432	13439	13444	13444	13448	13453	13455	13456	13460	13463	13471	13475	13477	13478	13481	13486	13488	13489	13489	13493	13497	13499	13508	13508	13511	13517	13521	13524	13525	13531	
13533	13537	13540	13541	13543	13544	13549	13560	13562	13563	13564	13569	13572	13572	13574	13583	13587	13592	13593	13595	13600	13601	13614	13622	13626	13628	13629	13641	13643	13651	13654	13660	13660	13661	13661	13665	13665	13669	13670	13672	13675	13677	13680	13686	13686	13687	13694	13698	13698	13702	
13704	13706	13719	13720	13733	13737	13739	13740	13741	13741	13745	13752	13757	13773	13776	13781	13791	13795	13797	13802	13803	13803	13808	13815	13817	13824	13825	13828	13830	13832	13832	13832	13839	13843	13843	13846	13848	13848	13850	13851	13852	13852	13853	13854	13857	13858	13870	13872	13874	13874	
13875	13877	13884	13885	13887	13893	13894	13896	13909	13910	13911	13916	13921	13921	13927	13930	13934	13935	13941	13942	13942	13945	13949	13953	13956	13961	13963	13969	13974	13977	13982	13985	13987	13991	13991	13997	13998	13999	13999	14000	14000	14001	14003	14004	14004	14009	14009	14012	14014	14017	
14022	14024	14024	14033	14033	14038	14046	14056	14057	14066	14070	14078	14078	14078	14089	14094	14105	14105	14106	14112	14113	14113	14118	14119	14126	14154	14155	14157	14157	14158	14161	14164	14168	14169	14172	14173	14177	14180	14184	14188	14193	14195	14200	14202	14205	14215	14216	14218	14220	14222	
14223	14227	14229	14229	14230	14236	14236	14240	14242	14245	14250	14252	14252	14254	14254	14255	14259	14259	14259	14260	14263	14265	14269	14278	14280	14282	14290	14291	14293	14293	14297	14303	14308	14311	14311	14312	14312	14312	14314	14316	14320	14320	14321	14328	14331	14333	14333	14334	14335	14336	
14338	14338	14339	14344	14345	14348	14356	14358	14359	14359	14366	14370	14371	14374	14377	14386	14390	14392	14392	14402	14405	14407	14410	14414	14421	14421	14425	14432	14439	14440	14440	14442	14442	14443	14444	14444	14445	14452	14453	14454	14455	14457	14458	14458	14461	14468	14469	14479	14482	14484	
14485	14491	14495	14499	14502	14505	14511	14513	14516	14530	14530	14536	14543	14548	14550	14555	14560	14561	14568	14570	14570	14573	14576	14583	14592	14593	14596	14604	14605	14607	14608	14610	14613	14617	14620	14623	14624	14627	14627	14628	14632	14634	14635	14639	14644	14646	14651	14652	14652	14667	
14668	14670	14670	14675	14684	14689	14691	14694	14694	14698	14708	14713	14722	14722	14725	14730	14731	14731	14733	14736	14737	14738	14744	14759	14763	14774	14775	14776	14776	14778	14780	14783	14785	14787	14790	14793	14796	14803	14806	14811	14811	14811	14812	14812	14812	14813	14826	14829	14837	14838	
14838	14841	14841	14843	14847	14855	14857	14860	14871	14873	14879	14879	14880	14882	14882	14885	14886	14888	14889	14892	14892	14893	14894	14896	14913	14914	14919	14921	14922	14928	14933	14942	14946	14948	14952	14965	14969	14972	14974	14975	14977	14981	14982	14982	14985	14990	14990	14991	14994	14995	
14996	14998	14999	14999	15004	15004	15009	15009	15014	15015	15018	15020	15023	15029	15031	15041	15041	15044	15046	15046	15047	15050	15065	15072	15073	15083	15092	15095	15101	15105	15116	15119	15119	15122	15122	15128	15136	15137	15140	15146	15152	15159	15162	15170	15174	15181	15187	15192	15194	15195	
15198	15205	15206	15208	15211	15212	15218	15218	15220	15220	15223	15224	15224	15226	15240	15242	15243	15247	15248	15249	15249	15251	15267	15273	15279	15280	15289	15292	15298	15308	15311	15313	15318	15319	15328	15331	15335	15338	15340	15344	15345	15345	15349	15353	15353	15355	15356	15359	15362	15363	
15370	15379	15386	15387	15402	15408	15412	15413	15417	15418	15422	15426	15429	15431	15433	15433	15438	15443	15443	15454	15456	15456	15460	15463	15469	15483	15494	15494	15497	15497	15503	15506	15514	15515	15519	15522	15523	15526	15527	15527	15529	15530	15531	15531	15535	15548	15554	15560	15565	15570	
15571	15571	15572	15580	15582	15587	15587	15590	15600	15601	15603	15606	15612	15617	15618	15620	15623	15628	15645	15648	15651	15652	15652	15652	15655	15658	15662	15663	15665	15673	15674	15679	15681	15685	15685	15693	15695	15696	15706	15714	15716	15733	15734	15738	15739	15744	15746	15746	15751	15754	
15760	15761	15770	15773	15774	15776	15780	15782	15784	15788	15788	15793	15799	15803	15808	15810	15811	15819	15821	15823	15824	15824	15825	15835	15837	15839	15841	15843	15847	15848	15849	15850	15850	15857	15858	15862	15867	15871	15872	15876	15878	15881	15882	15886	15888	15893	15902	15902	15903	15904	
15908	15910	15911	15917	15917	15921	15934	15938	15938	15939	15941	15943	15945	15952	15963	15964	15965	15967	15970	15972	15973	15974	15980	15980	15982	15989	15990	15992	16003	16022	16022	16026	16030	16034	16034	16040	16064	16065	16067	16068	16071	16073	16083	16097	16103	16106	16115	16121	16122	16123	
16133	16137	16138	16144	16146	16147	16151	16152	16155	16156	16158	16165	16168	16169	16171	16176	16182	16184	16196	16196	16198	16219	16220	16222	16223	16224	16233	16238	16239	16240	16244	16245	16246	16250	16252	16258	16267	16269	16270	16278	16281	16286	16287	16289	16290	16292	16293	16297	16298	16307	
16313	16316	16317	16323	16324	16331	16331	16335	16337	16338	16345	16348	16349	16350	16354	16357	16362	16364	16365	16366	16366	16379	16388	16397	16398	16401	16403	16403	16409	16410	16410	16411	16412	16423	16426	16431	16432	16434	16436	16437	16444	16463	16471	16473	16476	16479	16479	16485	16486	16489	
16490	16490	16491	16494	16495	16498	16506	16508	16516	16520	16523	16525	16531	16534	16536	16544	16551	16556	16560	16562	16563	16564	16564	16566	16572	16572	16575	16575	16575	16578	16579	16586	16599	16601	16607	16608	16624	16625	16630	16635	16637	16640	16640	16641	16642	16642	16650	16656	16656	16657	
16658	16661	16663	16668	16669	16671	16679	16680	16680	16691	16692	16696	16697	16699	16704	16710	16713	16723	16725	16725	16726	16728	16728	16733	16735	16737	16739	16743	16744	16747	16747	16747	16760	16762	16764	16764	16765	16766	16771	16771	16777	16783	16798	16801	16801	16803	16804	16804	16808	16813	
16814	16814	16815	16819	16823	16827	16831	16832	16833	16837	16838	16852	16852	16854	16855	16856	16857	16858	16860	16869	16876	16877	16880	16882	16885	16885	16888	16889	16896	16896	16900	16904	16911	16916	16919	16924	16929	16930	16931	16931	16935	16940	16948	16949	16950	16950	16951	16953	16955	16961	
16967	16973	16973	16977	16982	16985	16990	16996	16999	17001	17003	17006	17010	17012	17015	17016	17017	17018	17020	17028	17031	17034	17034	17035	17042	17044	17045	17047	17049	17050	17060	17063	17066	17068	17069	17074	17077	17080	17084	17090	17096	17099	17101	17102	17109	17110	17111	17115	17115	17126	
17127	17130	17132	17137	17141	17142	17143	17148	17150	17153	17158	17166	17166	17169	17173	17180	17183	17187	17190	17191	17191	17196	17198	17206	17209	17211	17217	17225	17226	17230	17241	17247	17249	17250	17252	17260	17262	17263	17263	17263	17266	17267	17271	17273	17275	17277	17278	17278	17281	17285	
17285	17289	17291	17294	17298	17299	17299	17300	17304	17306	17306	17313	17314	17316	17316	17318	17320	17321	17323	17324	17325	17336	17342	17353	17356	17363	17364	17367	17370	17372	17375	17380	17380	17381	17388	17391	17393	17396	17400	17407	17408	17409	17411	17411	17412	17427	17430	17431	17432	17437	
17444	17446	17448	17449	17452	17456	17463	17463	17468	17478	17480	17482	17486	17489	17491	17492	17494	17496	17499	17500	17500	17502	17504	17508	17518	17522	17530	17530	17538	17539	17543	17551	17564	17565	17571	17574	17575	17584	17586	17586	17587	17589	17592	17596	17598	17599	17609	17610	17610	17618	
17618	17622	17626	17626	17630	17631	17634	17642	17647	17648	17649	17654	17657	17669	17671	17675	17677	17680	17683	17687	17690	17691	17692	17694	17702	17706	17711	17711	17712	17716	17726	17729	17732	17738	17739	17748	17761	17762	17765	17768	17777	17783	17784	17785	17787	17794	17800	17801	17803	17805	
17806	17807	17808	17814	17818	17822	17822	17826	17826	17830	17831	17831	17839	17840	17841	17844	17845	17848	17854	17855	17857	17868	17869	17870	17874	17878	17887	17893	17894	17895	17900	17901	17902	17907	17907	17910	17911	17913	17913	17918	17919	17920	17923	17928	17933	17937	17938	17944	17951	17952	
17954	17955	17961	17970	17973	17974	17975	17975	17976	17977	17985	17996	18001	18003	18003	18007	18011	18011	18011	18015	18016	18017	18024	18028	18028	18033	18033	18035	18036	18036	18042	18044	18044	18045	18051	18052	18054	18057	18067	18068	18071	18076	18077	18077	18079	18082	18085	18090	18097	18102	
18104	18104	18104	18109	18110	18113	18125	18128	18129	18132	18151	18158	18158	18159	18159	18162	18163	18171	18173	18176	18177	18181	18181	18185	18185	18185	18188	18189	18192	18194	18199	18202	18203	18209	18212	18213	18214	18217	18217	18218	18221	18223	18229	18233	18234	18237	18239	18242	18248	18249	
18252	18253	18257	18258	18263	18266	18266	18267	18270	18278	18278	18279	18281	18291	18292	18300	18305	18316	18319	18320	18320	18322	18323	18325	18326	18329	18333	18333	18335	18335	18340	18345	18349	18350	18352	18352	18356	18357	18358	18361	18364	18364	18365	18367	18370	18374	18375	18376	18381	18393	
18394	18394	18399	18403	18404	18410	18411	18413	18414	18415	18416	18425	18425	18427	18427	18428	18431	18441	18444	18445	18447	18459	18464	18471	18474	18478	18481	18482	18487	18488	18491	18494	18495	18495	18496	18498	18506	18508	18519	18520	18520	18525	18525	18533	18537	18540	18541	18543	18546	18549	
18550	18552	18554	18556	18559	18560	18561	18563	18564	18568	18568	18569	18573	18578	18580	18581	18582	18591	18597	18597	18598	18603	18603	18637	18646	18651	18651	18654	18655	18660	18662	18663	18663	18666	18666	18666	18666	18677	18679	18679	18687	18691	18694	18703	18704	18706	18723	18727	18730	18737	
18745	18746	18748	18749	18751	18753	18766	18771	18773	18774	18775	18784	18786	18788	18789	18793	18796	18802	18803	18811	18811	18811	18816	18816	18817	18820	18820	18826	18835	18837	18842	18842	18846	18848	18849	18851	18852	18857	18864	18869	18882	18892	18903	18912	18913	18919	18921	18926	18930	18931	
18932	18935	18939	18943	18947	18948	18949	18953	18955	18955	18957	18957	18958	18961	18961	18967	18972	18975	18979	18981	18984	18985	18991	18995	18996	18997	19001	19001	19002	19005	19006	19011	19012	19012	19014	19019	19024	19026	19028	19030	19031	19032	19033	19033	19034	19037	19038	19039	19040	19045	
19045	19047	19048	19051	19053	19055	19060	19064	19072	19089	19091	19093	19094	19095	19096	19105	19109	19110	19112	19113	19116	19117	19119	19119	19120	19122	19126	19135	19137	19139	19143	19152	19152	19153	19160	19160	19171	19176	19179	19185	19190	19190	19194	19194	19194	19202	19205	19206	19208	19208	
19211	19212	19214	19225	19230	19231	19232	19240	19250	19251	19254	19254	19256	19260	19260	19261	19268	19269	19272	19273	19273	19275	19281	19281	19281	19283	19283	19287	19287	19293	19294	19307	19307	19310	19311	19315	19316	19316	19321	19330	19331	19332	19334	19334	19346	19347	19352	19352	19352	19364	
19364	19367	19369	19370	19370	19371	19374	19378	19389	19393	19396	19401	19401	19408	19411	19412	19412	19414	19416	19422	19424	19428	19428	19430	19439	19440	19447	19452	19453	19453	19456	19457	19462	19469	19470	19472	19478	19479	19491	19494	19503	19507	19512	19513	19515	19517	19519	19520	19525	19526	
19526	19535	19539	19541	19554	19560	19564	19567	19575	19579	19580	19581	19588	19588	19592	19592	19594	19596	19599	19601	19606	19612	19613	19620	19621	19622	19628	19631	19636	19637	19646	19653	19658	19663	19668	19671	19673	19677	19678	19682	19686	19687	19688	19689	19693	19693	19694	19696	19697	19699	
19703	19706	19707	19707	19718	19724	19724	19729	19731	19736	19736	19738	19739	19746	19747	19754	19773	19776	19776	19778	19780	19785	19788	19801	19809	19810	19815	19821	19821	19824	19828	19839	19842	19842	19844	19852	19853	19856	19858	19858	19871	19871	19873	19875	19876	19877	19880	19883	19889	19891	
19893	19893	19894	19899	19900	19902	19902	19903	19906	19907	19915	19919	19919	19921	19932	19932	19932	19934	19935	19935	19938	19939	19940	19946	19949	19954	19957	19957	19958	19964	19966	19968	19971	19972	19974	19981	19981	19984	19986	19986	19988	19994	19994	19997	20005	20006	20018	20026	20037	20044	
20044	20045	20046	20051	20056	20060	20061	20065	20068	20071	20090	20091	20093	20096	20099	20111	20118	20119	20121	20126	20128	20132	20133	20135	20141	20142	20148	20153	20154	20159	20161	20168	20170	20171	20173	20178	20179	20183	20186	20198	20198	20201	20209	20211	20211	20212	20219	20220	20223	20239	
20248	20248	20249	20252	20262	20270	20272	20288	20289	20290	20295	20303	20307	20309	20321	20321	20322	20335	20336	20340	20344	20345	20346	20354	20364	20370	20371	20374	20375	20379	20385	20387	20387	20397	20400	20400	20406	20407	20414	20420	20420	20423	20423	20431	20432	20433	20433	20435	20444	20445	
20447	20452	20457	20458	20460	20463	20465	20468	20468	20469	20479	20479	20480	20490	20493	20495	20498	20501	20503	20512	20512	20513	20514	20521	20527	20532	20539	20541	20543	20545	20553	20554	20555	20558	20559	20560	20562	20568	20572	20574	20575	20577	20579	20581	20583	20585	20594	20601	20601	20603	
20612	20613	20614	20615	20617	20617	20618	20621	20622	20624	20625	20628	20629	20629	20640	20642	20644	20646	20650	20650	20657	20665	20667	20671	20672	20675	20677	20679	20679	20682	20687	20689	20692	20692	20694	20694	20695	20699	20701	20702	20703	20704	20707	20707	20710	20711	20715	20723	20725	20726	
20730	20735	20736	20742	20756	20756	20760	20770	20771	20776	20778	20778	20779	20780	20780	20781	20783	20793	20800	20802	20802	20803	20806	20807	20808	20810	20813	20815	20828	20829	20834	20837	20837	20838	20838	20839	20839	20840	20842	20846	20849	20853	20855	20856	20856	20856	20858	20860	20860	20861	
20863	20867	20871	20872	20877	20877	20878	20882	20894	20898	20898	20899	20901	20902	20904	20904	20908	20914	20916	20916	20922	20927	20930	20943	20944	20952	20953	20955	20957	20958	20961	20963	20970	20972	20972	20974	20974	20978	20986	20992	20992	20993	20994	20996	21000	21005	21010	21010	21012	21014	
21015	21025	21027	21031	21037	21044	21046	21047	21048	21048	21050	21050	21053	21056	21061	21064	21068	21072	21079	21085	21087	21093	21095	21098	21102	21109	21109	21112	21121	21127	21131	21132	21134	21135	21143	21144	21150	21153	21154	21159	21159	21164	21166	21166	21173	21174	21176	21183	21186	21188	
21191	21197	21200	21205	21210	21213	21216	21227	21234	21238	21240	21241	21243	21243	21246	21246	21247	21249	21250	21250	21252	21258	21259	21264	21265	21265	21266	21266	21270	21274	21274	21275	21275	21275	21278	21279	21283	21296	21299	21302	21304	21307	21324	21327	21334	21350	21350	21353	21361	21365	
21365	21366	21373	21380	21382	21382	21384	21386	21389	21390	21395	21402	21403	21404	21405	21411	21415	21417	21421	21423	21425	21432	21433	21433	21433	21437	21442	21442	21443	21451	21451	21452	21456	21459	21462	21466	21468	21469	21470	21471	21473	21474	21477	21478	21483	21484	21488	21490	21498	21498	
21499	21500	21502	21509	21511	21512	21512	21513	21518	21522	21523	21527	21528	21528	21528	21530	21531	21540	21541	21542	21543	21545	21551	21561	21563	21564	21565	21565	21566	21574	21575	21578	21578	21581	21589	21593	21597	21602	21603	21604	21613	21625	21644	21647	21648	21654	21656	21658	21660	21662	
21664	21665	21667	21670	21680	21686	21686	21688	21688	21688	21691	21694	21696	21696	21698	21702	21702	21704	21706	21706	21707	21713	21713	21719	21719	21725	21729	21729	21731	21732	21734	21736	21748	21758	21762	21764	21766	21772	21776	21777	21782	21783	21788	21790	21791	21793	21794	21796	21802	21804	
21806	21807	21808	21809	21811	21815	21818	21823	21827	21831	21840	21845	21846	21847	21850	21852	21852	21853	21855	21856	21859	21862	21863	21864	21864	21873	21881	21881	21893	21902	21902	21903	21908	21913	21913	21916	21918	21919	21920	21921	21922	21924	21928	21929	21931	21933	21936	21940	21950	21953	
21953	21954	21959	21961	21965	21973	21974	21975	21976	21978	21981	21983	21988	21990	21993	21994	21995	21998	22001	22002	22004	22009	22016	22021	22025	22028	22029	22029	22031	22032	22035	22037	22040	22045	22051	22056	22060	22077	22081	22082	22086	22097	22099	22099	22113	22123	22126	22134	22136	22137	
22139	22141	22142	22144	22151	22153	22156	22156	22159	22160	22163	22164	22166	22168	22171	22174	22176	22178	22184	22184	22191	22193	22196	22198	22205	22209	22214	22215	22217	22219	22223	22224	22235	22236	22242	22245	22251	22254	22256	22263	22264	22266	22271	22276	22277	22279	22280	22292	22298	22301	
22303	22306	22307	22308	22310	22311	22313	22316	22316	22320	22332	22335	22339	22342	22346	22347	22348	22349	22350	22350	22354	22360	22362	22374	22375	22375	22375	22377	22381	22382	22382	22385	22386	22388	22393	22396	22400	22400	22404	22404	22406	22408	22410	22412	22421	22423	22431	22431	22438	22441	
22445	22445	22447	22451	22451	22457	22459	22462	22474	22474	22480	22482	22483	22492	22496	22502	22506	22508	22510	22511	22521	22522	22525	22525	22531	22534	22538	22539	22541	22546	22552	22554	22556	22557	22561	22566	22567	22570	22571	22574	22574	22579	22579	22598	22607	22608	22611	22615	22616	22627	
22627	22630	22631	22632	22632	22633	22644	22648	22649	22651	22652	22659	22660	22660	22663	22669	22670	22673	22677	22681	22685	22690	22690	22695	22695	22697	22703	22706	22715	22716	22719	22720	22720	22726	22736	22737	22740	22742	22743	22745	22745	22749	22749	22751	22753	22760	22773	22774	22776	22778	
22785	22789	22791	22791	22793	22799	22800	22801	22802	22808	22810	22811	22815	22817	22823	22830	22832	22832	22833	22834	22836	22836	22844	22845	22847	22849	22851	22852	22853	22857	22859	22860	22862	22868	22872	22875	22877	22878	22885	22888	22890	22892	22895	22899	22900	22905	22906	22913	22917	22923	
22938	22941	22944	22945	22952	22953	22955	22956	22959	22975	22975	22983	22987	22988	22994	22998	22999	23010	23010	23015	23018	23020	23024	23030	23033	23035	23036	23041	23043	23045	23046	23047	23050	23052	23053	23056	23060	23061	23062	23063	23064	23075	23079	23081	23083	23085	23086	23088	23089	23091	
23094	23097	23106	23114	23118	23118	23122	23123	23127	23128	23129	23129	23132	23133	23134	23134	23143	23143	23145	23155	23155	23156	23165	23166	23167	23168	23174	23174	23179	23185	23187	23189	23194	23207	23209	23209	23214	23216	23217	23220	23220	23223	23227	23238	23249	23253	23254	23257	23257	23261	
23262	23267	23268	23273	23273	23275	23278	23278	23279	23287	23288	23289	23296	23296	23297	23302	23306	23308	23313	23314	23315	23317	23317	23319	23325	23328	23329	23331	23332	23333	23333	23338	23338	23339	23340	23341	23342	23348	23350	23352	23354	23356	23358	23361	23366	23383	23384	23394	23396	23403	
23404	23405	23405	23406	23410	23415	23417	23418	23425	23430	23433	23438	23439	23446	23449	23451	23454	23457	23458	23462	23464	23474	23481	23490	23490	23496	23497	23498	23498	23498	23499	23503	23504	23507	23508	23514	23515	23518	23523	23526	23528	23537	23543	23547	23556	23558	23561	23561	23576	23581	
23585	23586	23589	23590	23593	23594	23598	23599	23601	23601	23601	23603	23604	23604	23606	23606	23626	23627	23627	23628	23631	23635	23637	23642	23642	23650	23652	23652	23657	23663	23663	23663	23663	23664	23664	23664	23665	23669	23669	23671	23672	23691	23708	23711	23713	23717	23724	23725	23728	23728	
23729	23731	23734	23739	23744	23745	23748	23748	23759	23766	23768	23771	23771	23776	23781	23782	23782	23783	23784	23785	23787	23788	23792	23795	23804	23805	23806	23809	23811	23812	23816	23818	23828	23829	23829	23832	23833	23835	23835	23837	23841	23841	23848	23850	23851	23853	23857	23857	23862	23863	
23870	23872	23877	23877	23880	23881	23884	23884	23885	23887	23890	23891	23893	23893	23893	23896	23901	23905	23906	23910	23910	23911	23916	23921	23923	23930	23940	23940	23945	23948	23952	23956	23958	23964	23977	23979	23982	23986	23987	23990	23996	24001	24004	24009	24010	24012	24015	24020	24028	24028	
24029	24037	24039	24039	24045	24045	24048	24049	24049	24051	24052	24058	24062	24066	24069	24076	24078	24078	24079	24079	24082	24085	24086	24087	24088	24088	24089	24101	24102	24103	24103	24105	24128	24129	24131	24135	24135	24136	24143	24144	24148	24150	24152	24154	24155	24158	24160	24167	24170	24172	
24173	24179	24184	24187	24187	24188	24191	24193	24195	24200	24214	24216	24223	24227	24229	24231	24232	24232	24232	24232	24234	24244	24252	24252	24259	24265	24267	24268	24270	24275	24276	24279	24282	24287	24293	24296	24299	24303	24307	24308	24308	24309	24310	24313	24316	24318	24324	24327	24329	24331	
24333	24334	24339	24342	24342	24351	24355	24359	24360	24367	24375	24377	24378	24378	24390	24395	24396	24400	24406	24408	24413	24414	24417	24421	24427	24427	24429	24432	24434	24436	24438	24439	24443	24447	24449	24452	24452	24452	24452	24455	24463	24470	24471	24474	24478	24479	24484	24487	24490	24490	
24491	24492	24494	24495	24504	24510	24513	24514	24515	24524	24530	24538	24542	24548	24549	24551	24552	24557	24559	24565	24571	24575	24579	24585	24585	24586	24586	24586	24597	24600	24601	24605	24608	24615	24615	24617	24618	24619	24621	24622	24624	24626	24631	24634	24636	24637	24639	24639	24641	24642	
24642	24643	24643	24646	24649	24652	24655	24658	24661	24661	24662	24662	24668	24669	24669	24670	24673	24675	24681	24692	24701	24702	24703	24717	24721	24721	24724	24726	24728	24731	24732	24738	24747	24749	24749	24751	24759	24761	24764	24768	24787	24789	24791	24792	24794	24794	24795	24796	24808	24809	
24810	24815	24815	24816	24817	24818	24827	24830	24832	24846	24854	24861	24862	24863	24863	24864	24874	24876	24877	24882	24882	24885	24885	24888	24890	24892	24896	24899	24906	24907	24909	24909	24910	24912	24915	24924	24928	24929	24935	24938	24938	24942	24946	24948	24956	24956	24958	24972	24973	24979	
24979	24985	24986	24986	24990	24993	24993	24996	25001	25006	25007	25010	25010	25017	25025	25025	25026	25028	25028	25036	25037	25040	25040	25040	25050	25052	25053	25055	25056	25057	25061	25064	25065	25066	25066	25067	25068	25073	25074	25074	25075	25082	25082	25083	25086	25094	25100	25101	25105	25113	
25116	25118	25122	25123	25124	25132	25133	25134	25135	25138	25140	25141	25152	25153	25155	25156	25157	25160	25161	25168	25174	25181	25185	25186	25190	25197	25202	25208	25210	25216	25224	25226	25231	25236	25239	25241	25241	25247	25250	25252	25254	25255	25256	25257	25258	25258	25258	25261	25263	25263	
25265	25271	25272	25274	25280	25281	25281	25284	25288	25288	25290	25291	25292	25296	25300	25301	25301	25311	25311	25316	25318	25322	25324	25325	25327	25328	25329	25331	25331	25331	25338	25344	25347	25352	25354	25355	25359	25360	25361	25362	25364	25364	25364	25365	25368	25373	25377	25387	25387	25389	
25392	25394	25398	25399	25399	25402	25402	25403	25408	25411	25415	25415	25418	25422	25422	25428	25429	25429	25431	25436	25441	25443	25449	25451	25452	25452	25454	25454	25455	25459	25460	25462	25463	25463	25466	25469	25472	25473	25474	25478	25479	25480	25483	25483	25491	25494	25496	25498	25498	25498	
25501	25509	25511	25523	25526	25526	25527	25529	25530	25530	25537	25542	25543	25550	25551	25554	25557	25566	25567	25569	25569	25572	25581	25597	25600	25611	25613	25619	25621	25622	25627	25628	25632	25641	25641	25647	25652	25656	25657	25658	25660	25661	25662	25663	25665	25666	25667	25670	25671	25679	
25686	25687	25698	25702	25703	25707	25712	25713	25714	25718	25718	25719	25721	25722	25733	25734	25734	25738	25741	25746	25749	25754	25754	25759	25766	25769	25773	25778	25780	25782	25785	25786	25789	25789	25793	25795	25797	25799	25803	25804	25805	25806	25807	25808	25808	25819	25819	25819	25824	25824	
25825	25828	25833	25836	25839	25851	25855	25864	25869	25874	25881	25883	25884	25885	25886	25889	25890	25891	25892	25894	25894	25897	25906	25909	25912	25913	25913	25916	25917	25922	25925	25928	25929	25930	25932	25934	25943	25946	25955	25956	25957	25957	25961	25969	25972	25973	25975	25975	25976	25980	
25981	25981	25990	25995	25996	25996	25997	25997	26004	26012	26013	26014	26016	26017	26017	26018	26027	26029	26031	26052	26056	26057	26064	26069	26076	26078	26096	26096	26105	26107	26108	26109	26113	26114	26115	26116	26117	26118	26120	26122	26123	26124	26124	26130	26134	26138	26143	26148	26149	26150	
26154	26157	26159	26169	26175	26180	26188	26190	26190	26197	26200	26200	26207	26209	26210	26213	26213	26213	26214	26219	26225	26225	26227	26227	26230	26230	26232	26233	26234	26236	26237	26239	26247	26253	26253	26258	26260	26263	26266	26268	26272	26272	26274	26274	26274	26284	26290	26294	26298	26298	
26299	26302	26308	26322	26324	26327	26333	26344	26344	26347	26349	26351	26353	26355	26367	26370	26370	26371	26373	26377	26381	26385	26385	26386	26396	26397	26400	26401	26405	26406	26410	26415	26415	26419	26424	26429	26429	26432	26433	26434	26435	26435	26439	26442	26445	26446	26447	26447	26448	26455	
26458	26469	26475	26477	26481	26484	26496	26499	26501	26509	26515	26518	26522	26527	26528	26528	26529	26529	26529	26540	26543	26544	26551	26552	26559	26559	26562	26563	26563	26567	26572	26578	26579	26580	26580	26581	26583	26591	26594	26596	26602	26603	26611	26612	26622	26623	26625	26625	26639	26645	
26646	26659	26661	26662	26663	26668	26669	26669	26672	26673	26673	26674	26678	26679	26682	26682	26686	26686	26690	26694	26694	26695	26698	26702	26706	26708	26713	26725	26726	26727	26728	26730	26732	26734	26734	26741	26741	26743	26744	26752	26752	26760	26761	26764	26765	26768	26774	26775	26776	26777	
26781	26787	26788	26790	26793	26797	26807	26813	26816	26816	26819	26819	26821	26821	26826	26828	26830	26834	26834	26835	26839	26839	26842	26850	26869	26869	26888	26889	26900	26903	26909	26912	26913	26914	26920	26921	26930	26931	26933	26938	26945	26952	26955	26957	26957	26959	26959	26961	26976	26977	
26979	26982	26986	26988	26990	26995	27000	27006	27009	27016	27018	27021	27024	27030	27032	27041	27052	27054	27063	27063	27068	27069	27069	27071	27071	27073	27082	27083	27085	27089	27096	27098	27104	27106	27118	27118	27119	27125	27127	27131	27134	27142	27150	27158	27162	27162	27169	27169	27170	27170	
27173	27180	27182	27192	27195	27199	27199	27212	27213	27215	27217	27218	27233	27235	27237	27237	27240	27241	27243	27246	27249	27250	27254	27254	27264	27265	27267	27270	27272	27272	27273	27303	27306	27310	27311	27313	27316	27318	27331	27332	27332	27336	27337	27341	27343	27349	27349	27352	27356	27357	
27359	27359	27360	27362	27362	27362	27364	27365	27370	27374	27376	27388	27391	27394	27396	27398	27399	27404	27417	27419	27419	27420	27425	27428	27428	27429	27430	27442	27444	27444	27449	27449	27454	27457	27460	27460	27462	27463	27464	27475	27477	27478	27483	27487	27487	27488	27490	27493	27501	27509	
27509	27511	27516	27520	27526	27526	27529	27530	27536	27538	27538	27540	27541	27544	27552	27563	27564	27568	27568	27571	27574	27577	27579	27583	27585	27607	27609	27611	27617	27619	27623	27632	27633	27635	27638	27640	27648	27653	27654	27656	27661	27662	27667	27675	27676	27680	27682	27685	27688	27690	
27693	27696	27697	27702	27708	27711	27712	27715	27723	27727	27733	27734	27736	27736	27736	27739	27743	27743	27746	27746	27747	27747	27747	27748	27749	27755	27755	27756	27758	27758	27760	27762	27768	27770	27775	27776	27781	27783	27784	27786	27787	27789	27793	27793	27793	27794	27795	27805	27805	27808	
27814	27816	27818	27821	27821	27833	27833	27837	27846	27847	27850	27854	27858	27860	27861	27863	27867	27867	27878	27883	27884	27888	27889	27894	27901	27902	27905	27906	27907	27909	27919	27923	27930	27932	27933	27935	27942	27953	27958	27959	27961	27962	27970	27977	27982	27985	27987	27990	27991	27994	
28010	28014	28018	28020	28025	28026	28027	28030	28040	28045	28045	28047	28049	28049	28050	28052	28054	28057	28067	28072	28077	28083	28084	28085	28085	28089	28094	28098	28103	28104	28106	28115	28115	28117	28117	28120	28121	28123	28125	28126	28126	28126	28133	28137	28140	28146	28147	28150	28150	28156	
28167	28170	28178	28179	28187	28189	28190	28194	28195	28195	28205	28207	28208	28209	28211	28217	28223	28223	28223	28223	28227	28229	28229	28230	28234	28246	28258	28265	28267	28268	28274	28280	28281	28289	28294	28296	28299	28303	28307	28309	28314	28316	28316	28320	28322	28328	28339	28339	28340	28343	
28346	28349	28349	28350	28351	28359	28364	28364	28370	28375	28379	28381	28385	28398	28402	28403	28407	28408	28409	28413	28414	28417	28432	28433	28435	28442	28444	28454	28456	28456	28458	28467	28473	28478	28481	28485	28511	28512	28512	28515	28516	28517	28517	28519	28523	28528	28530	28533	28539	28558	
28561	28562	28569	28573	28574	28577	28579	28579	28580	28583	28585	28587	28589	28596	28601	28605	28606	28614	28621	28621	28622	28627	28628	28633	28633	28634	28646	28646	28647	28647	28647	28654	28654	28656	28662	28662	28668	28670	28672	28673	28675	28675	28678	28680	28686	28689	28691	28706	28708	28710	
28711	28716	28717	28721	28722	28723	28733	28733	28734	28737	28742	28745	28751	28757	28759	28764	28764	28764	28766	28771	28779	28789	28790	28794	28800	28801	28809	28811	28814	28816	28816	28819	28824	28825	28840	28842	28842	28846	28847	28854	28855	28857	28861	28870	28874	28879	28884	28887	28897	28905	
28906	28914	28914	28918	28919	28925	28931	28932	28934	28939	28946	28948	28950	28956	28957	28958	28961	28961	28961	28964	28965	28974	28976	28979	28980	28981	28983	28987	28990	28992	28992	28997	29001	29006	29007	29008	29017	29017	29025	29025	29026	29030	29031	29034	29035	29041	29043	29049	29052	29056	
29066	29072	29072	29074	29074	29076	29076	29077	29080	29086	29087	29098	29098	29100	29103	29106	29115	29115	29116	29117	29119	29120	29129	29130	29131	29135	29137	29139	29141	29142	29143	29151	29160	29160	29168	29169	29169	29172	29177	29179	29179	29180	29186	29188	29190	29193	29194	29195	29200	29201	
29204	29210	29211	29213	29215	29215	29216	29219	29223	29228	29229	29239	29241	29242	29245	29248	29250	29250	29252	29256	29263	29264	29267	29268	29269	29273	29276	29277	29280	29281	29288	29291	29292	29297	29297	29303	29309	29318	29318	29324	29329	29336	29339	29341	29345	29354	29361	29367	29371	29372	
29373	29373	29376	29383	29389	29396	29396	29400	29401	29408	29413	29417	29421	29422	29427	29430	29444	29452	29456	29467	29471	29472	29473	29478	29481	29483	29486	29493	29499	29499	29500	29507	29513	29518	29526	29527	29531	29533	29539	29541	29541	29543	29550	29554	29554	29555	29556	29566	29567	29573	
29576	29579	29591	29601	29601	29602	29602	29604	29606	29608	29609	29611	29611	29613	29614	29618	29619	29628	29631	29633	29635	29640	29659	29666	29676	29679	29681	29693	29696	29697	29699	29700	29702	29704	29706	29711	29716	29718	29719	29720	29722	29724	29724	29726	29729	29738	29740	29741	29746	29748	
29752	29756	29765	29771	29772	29772	29773	29782	29783	29791	29791	29795	29799	29799	29801	29802	29804	29808	29818	29825	29827	29829	29831	29837	29841	29842	29842	29844	29847	29849	29851	29855	29856	29859	29859	29862	29863	29876	29881	29891	29894	29894	29895	29906	29917	29919	29925	29932	29935	29936	
29937	29940	29944	29949	29950	29955	29965	29967	29968	29970	29972	29975	29977	29986	29992	29993	29994	29999	30002	30008	30009	30010	30018	30020	30029	30036	30046	30047	30053	30058	30063	30071	30077	30081	30084	30085	30089	30097	30098	30099	30101	30101	30103	30124	30125	30129	30129	30130	30131	30134	
30136	30138	30139	30141	30147	30155	30164	30165	30167	30169	30169	30177	30183	30190	30197	30198	30199	30201	30201	30205	30208	30209	30216	30219	30227	30230	30234	30238	30245	30246	30250	30253	30254	30257	30264	30270	30274	30282	30282	30286	30291	30293	30294	30296	30298	30302	30302	30304	30305	30308	
30309	30310	30315	30316	30322	30322	30323	30324	30324	30326	30326	30328	30331	30336	30336	30336	30337	30338	30343	30343	30347	30349	30353	30354	30361	30361	30364	30366	30368	30371	30374	30376	30380	30387	30388	30390	30395	30400	30402	30406	30407	30408	30413	30419	30429	30430	30437	30439	30441	30444	
30452	30452	30453	30454	30455	30459	30460	30460	30461	30475	30476	30478	30484	30487	30491	30493	30496	30498	30505	30506	30508	30514	30516	30529	30530	30548	30556	30556	30571	30572	30573	30575	30581	30581	30582	30583	30584	30588	30591	30591	30600	30600	30604	30605	30609	30612	30616	30617	30618	30623	
30625	30650	30652	30653	30656	30661	30662	30668	30674	30674	30676	30677	30677	30680	30684	30686	30690	30693	30695	30695	30700	30706	30710	30711	30711	30715	30718	30719	30721	30723	30723	30727	30734	30735	30735	30738	30741	30746	30747	30748	30767	30770	30774	30775	30776	30776	30777	30783	30789	30791	
30792	30793	30794	30798	30805	30806	30812	30813	30813	30814	30818	30820	30831	30836	30836	30837	30846	30855	30857	30859	30862	30862	30865	30867	30876	30878	30882	30885	30886	30889	30889	30893	30895	30896	30898	30906	30907	30913	30913	30926	30928	30938	30940	30943	30947	30948	30952	30956	30959	30961	
30962	30963	30964	30965	30965	30966	30966	30972	30972	30985	30985	30992	30992	31009	31014	31018	31023	31025	31031	31034	31040	31041	31045	31050	31052	31054	31054	31054	31066	31074	31082	31082	31088	31090	31101	31104	31111	31118	31119	31124	31129	31134	31135	31135	31136	31137	31143	31148	31152	31157	
31167	31169	31176	31177	31177	31180	31188	31192	31197	31201	31205	31208	31211	31211	31214	31216	31224	31225	31226	31226	31227	31228	31234	31235	31238	31239	31241	31244	31244	31246	31246	31253	31256	31256	31258	31259	31259	31260	31261	31264	31266	31267	31269	31269	31271	31274	31280	31281	31286	31286	
31287	31289	31292	31300	31304	31307	31309	31314	31315	31317	31317	31330	31335	31336	31337	31339	31342	31344	31354	31355	31360	31370	31372	31373	31377	31378	31383	31388	31389	31390	31392	31397	31398	31401	31403	31407	31409	31420	31421	31424	31425	31432	31438	31439	31439	31442	31445	31447	31451	31454	
31457	31465	31465	31466	31474	31477	31483	31495	31496	31500	31501	31501	31508	31514	31517	31517	31520	31523	31525	31527	31543	31545	31553	31556	31566	31570	31570	31571	31576	31590	31591	31592	31594	31597	31601	31603	31603	31604	31607	31609	31610	31614	31615	31616	31621	31624	31630	31631	31638	31651	
31652	31656	31665	31667	31668	31671	31672	31679	31679	31685	31687	31689	31698	31702	31704	31705	31709	31715	31717	31720	31724	31726	31727	31727	31735	31740	31740	31741	31744	31749	31765	31765	31766	31767	31767	31769	31773	31777	31779	31781	31782	31783	31784	31787	31803	31806	31809	31811	31811	31813	
31817	31826	31826	31828	31842	31842	31845	31845	31846	31846	31846	31850	31852	31857	31857	31861	31861	31861	31864	31865	31865	31868	31868	31869	31870	31872	31875	31879	31879	31885	31887	31888	31888	31889	31891	31895	31897	31897	31897	31898	31899	31901	31902	31904	31907	31910	31911	31915	31915	31928	
31930	31936	31937	31943	31945	31945	31945	31952	31959	31963	31970	31972	31972	31982	31983	31984	31986	31993	32001	32004	32011	32013	32015	32018	32018	32024	32026	32028	32028	32030	32030	32034	32035	32035	32042	32057	32065	32070	32073	32074	32075	32076	32077	32081	32083	32086	32087	32088	32090	32090	
32094	32099	32103	32104	32106	32107	32118	32120	32123	32123	32129	32138	32139	32144	32146	32147	32147	32148	32157	32159	32161	32165	32171	32174	32174	32177	32180	32180	32183	32183	32184	32185	32188	32190	32196	32197	32199	32200	32202	32202	32206	32207	32208	32215	32215	32217	32223	32225	32225	32226	
32227	32228	32233	32234	32236	32242	32247	32247	32248	32248	32250	32250	32253	32255	32259	32261	32262	32265	32265	32266	32268	32273	32276	32281	32284	32285	32286	32288	32289	32301	32304	32306	32311	32313	32317	32317	32319	32324	32327	32328	32333	32340	32349	32354	32354	32373	32377	32378	32378	32381	
32389	32392	32394	32400	32400	32408	32409	32410	32410	32412	32412	32435	32437	32444	32445	32459	32464	32464	32473	32477	32482	32484	32493	32497	32502	32503	32509	32510	32515	32520	32522	32524	32531	32536	32537	32542	32544	32548	32554	32556	32557	32562	32564	32567	32569	32574	32574	32583	32583	32589	
32592	32593	32597	32600	32602	32606	32609	32613	32615	32621	32622	32628	32630	32631	32633	32638	32639	32642	32642	32643	32645	32654	32661	32663	32669	32684	32692	32695	32696	32701	32702	32708	32709	32717	32719	32720	32726	32734	32737	32742	32743	32743	32744	32745	32760	32762	32762	32764	32767	